>chr1
54
56
69
54
67
52
48
47
71
56
48
59
50
43
29
58
43
61
29
58
54
51
60
66
50
43
50
46
43
56
59
61
51
43
41
70
62
42
57
40
47
64
48
54
50
43
66
48
51
52
49
66
69
48
58
50
65
67
56
55
67
51
69
52
64
62
58
46
52
60
55
54
50
57
48
72
40
47
41
31
51
58
48
30
50
43
47
56
48
49
44
75
36
52
52
41
56
54
54
42
35
>chr2
49
36
50
42
25
50
62
47
44
58
34
36
57
42
47
59
56
53
57
49
53
47
70
29
60
37
75
42
51
54
59
56
49
63
55
36
57
44
38
59
50
56
59
41
41
57
47
59
54
71
45
54
41
60
42
45
53
45
53
38
42
57
59
58
49
55
43
46
42
42
45
53
35
42
51
60
47
49
45
44
55
45
53
53
42
59
54
52
38
51
44
44
48
54
53
52
38
26
41
56
62
