>chr1
62
64
59
58
48
68
68
55
65
53
64
62
53
66
53
71
58
53
56
65
59
58
50
56
68
75
58
56
44
60
58
77
59
60
59
59
57
66
52
59
63
67
65
67
66
61
67
53
61
71
72
54
60
66
72
69
54
59
71
58
64
57
55
58
71
59
64
61
61
62
50
55
61
75
68
54
50
65
61
67
54
76
67
54
63
64
63
58
66
56
71
67
64
59
49
57
49
63
55
67
61
>chr2
57
62
67
53
60
66
61
64
62
57
48
43
50
68
70
59
69
62
62
64
61
61
70
65
56
62
74
64
66
68
59
61
48
63
60
63
67
67
64
50
40
64
57
51
53
58
72
44
74
55
67
58
54
49
57
62
51
68
50
55
56
58
73
47
59
54
64
52
62
60
70
58
69
63
66
55
51
58
63
59
62
58
57
49
55
51
68
58
62
65
53
59
62
48
73
66
54
58
45
64
57
